2.0	0.8863262781792166
2.1	0.9470409172758585
2.2	1.0014762002841078
2.3000000000000003	1.0446921682085926
2.4000000000000004	1.0735349652947976
2.5000000000000004	1.0870599527566716
2.6000000000000005	1.0866024964769705
2.7000000000000006	1.0754981217027508
2.8000000000000007	1.0585067409251583
2.900000000000001	1.0410386648373524
3.000000000000001	1.02830694097966
3.100000000000001	1.0245376907881334
3.200000000000001	1.0323570680171605
3.300000000000001	1.0524428296272328
3.4000000000000012	1.083485461277696
3.5000000000000013	1.1224552260143552
3.6000000000000014	1.1651249361112368
3.7000000000000015	1.2067606959580335
3.8000000000000016	1.2428697762842202
3.9000000000000017	1.269889259051748
4.000000000000002	1.2857114875996172
4.100000000000001	1.2899702852487225
4.200000000000002	1.2840506858473313
4.3000000000000025	1.2708283420134487
4.400000000000002	1.2541860869209611
4.500000000000002	1.2383880661775333
4.600000000000002	1.227411607717357
4.700000000000003	1.2243408757046643
4.8000000000000025	1.2309141678595432
4.900000000000002	1.247290734065639
5.000000000000003	1.2720675423544605
5.100000000000003	1.302537166273799
5.200000000000003	1.3351410315149863
5.3000000000000025	1.3660432559165678
5.400000000000003	1.391733513872329
5.5000000000000036	1.409565050959622
5.600000000000003	1.4181461859921194
5.700000000000003	1.4175281541850682
5.800000000000003	1.4091649138341558
5.900000000000004	1.3956563282833094
6.0000000000000036	1.3803193638951337
6.100000000000003	1.3666575477493068
6.200000000000004	1.35781312371698
6.300000000000004	1.3560871881272978
6.400000000000004	1.3626007307573167
6.5000000000000036	1.3771461389207107
6.600000000000004	1.398248180545071
6.700000000000005	1.4234206327893935
6.800000000000004	1.4495746896080277
6.900000000000004	1.47351265041421
7.000000000000004	1.492428513739231
7.100000000000005	1.5043375981855192
7.200000000000005	1.5083698672192491
7.300000000000004	1.504884066138786
7.400000000000005	1.4953884250100513
7.500000000000005	1.4822839852203518
7.600000000000005	1.4684738436849005
7.700000000000005	1.456901614942685
7.800000000000005	1.450092221258481
7.900000000000006	1.4497664018089205
8.000000000000005	1.4565875616342143
8.100000000000005	1.4700779405721278
8.200000000000006	1.4887140888107162
8.300000000000006	1.510183573371367
8.400000000000006	1.531760083430596
8.500000000000005	1.5507364374631425
8.600000000000005	1.5648470416288804
8.700000000000006	1.5726141746304012
8.800000000000006	1.5735654562470618
8.900000000000006	1.5682908056171925
9.000000000000007	1.5583327214578473
9.100000000000007	1.545929775616952
9.200000000000006	1.5336557433506053
9.300000000000006	1.5240123526331
9.400000000000006	1.5190399142725646
9.500000000000007	1.5200062676540926
9.600000000000007	1.5272213008976216
9.700000000000006	1.5400039780458394
9.800000000000008	1.556804605857228
9.900000000000007	1.5754608265134527
10.000000000000007	1.5935453055724929
10.100000000000007	1.6087494340059687
10.200000000000006	1.6192425999136817
10.300000000000008	1.6239513164256123
10.400000000000007	1.6227158372500137
10.500000000000007	1.6163016422025624
10.600000000000009	1.6062661590048986
10.700000000000008	1.5947036750217625
10.800000000000008	1.5839100685891603
10.900000000000007	1.5760208996838447
11.000000000000007	1.5726797846967102
11.100000000000009	1.5747884343980565
11.200000000000008	1.5823762497976794
11.300000000000008	1.5946081628651174
11.40000000000001	1.609927554486273
11.500000000000009	1.6263100269239912
11.600000000000009	1.6415868264363498
11.700000000000008	1.653786397385779
11.800000000000008	1.6614404206893583
11.90000000000001	1.663806967922729
12.000000000000009	1.6609769944287713
12.100000000000009	1.6538490805923594
12.20000000000001	1.643978124900054
12.30000000000001	1.633323320734037
12.40000000000001	1.6239361612383074
12.500000000000009	1.6176380610412067
12.600000000000009	1.6157381638722976
12.70000000000001	1.618834969373821
12.80000000000001	1.6267317455196504
12.90000000000001	1.6384775158879707
13.00000000000001	1.6525256207672259
13.10000000000001	1.666983560457107
13.20000000000001	1.6799138778272507
13.30000000000001	1.6896383518142064
13.40000000000001	1.694997844305797
13.50000000000001	1.6955276660731862
13.60000000000001	1.6915220361341783
13.70000000000001	1.6839788849672455
13.800000000000011	1.674435083816441
13.900000000000011	1.664719211395202
14.00000000000001	1.6566615540493057
14.10000000000001	1.6518072602937568
14.20000000000001	1.651177536808114
14.300000000000011	1.6551157270568477
14.400000000000011	1.6632413958378731
14.50000000000001	1.6745183648448714
14.600000000000012	1.687424733082636
14.700000000000012	1.7001970825067856
14.800000000000011	1.7111097674610427
14.900000000000011	1.7187451336824366
15.00000000000001	1.7222124293323986
15.100000000000012	1.7212816788137684
15.200000000000012	1.7164124850959905
15.300000000000011	1.7086744069421962
15.400000000000013	1.6995725798674834
15.500000000000012	1.6908069453379435
15.600000000000012	1.684003546270679
15.700000000000012	1.6804603078135008
15.800000000000011	1.680946996487911
15.900000000000013	1.6855901364799963
16.000000000000014	1.6938600209714145
16.100000000000012	1.7046607751734202
16.200000000000014	1.7165082670874316
16.30000000000001	1.7277670528285105
16.400000000000013	1.7369085905958621
16.500000000000014	1.7427500150839463
16.600000000000012	1.744636231159475
16.700000000000014	1.7425373530396024
16.80000000000001	1.7370470718739643
16.900000000000013	1.7292832130183136
17.000000000000014	1.7207070664542294
17.100000000000016	1.7128906425562849
17.200000000000014	1.7072688788480552
17.30000000000001	1.7049158145186858
17.400000000000013	1.7063796045895394
17.500000000000014	1.711601674851036
17.600000000000016	1.7199318752988246
17.700000000000014	1.730236318655217
17.800000000000015	1.7410800864030964
17.900000000000013	1.7509554146270334
18.000000000000014	1.7585191212677385
18.100000000000016	1.7628019338397163
18.200000000000014	1.763357140244253
18.300000000000015	1.7603258125111934
18.400000000000013	1.754409155527706
18.500000000000014	1.746753191717186
18.600000000000016	1.7387646970482722
18.700000000000014	1.731887913682975
18.800000000000015	1.7273774449826702
18.900000000000016	1.726103011013413
19.000000000000014	1.7284164159572155
19.100000000000016	1.7341010395661636
19.200000000000017	1.7424110304299854
19.300000000000015	1.752193237443864
19.400000000000016	1.7620719945926644
19.500000000000014	1.7706671887908307
19.600000000000016	1.7768110813236884
19.700000000000017	1.7797298562507176
19.800000000000015	1.7791617066362613
19.900000000000016	1.7753934787931436
20.000000000000014	1.769210835759776
20.100000000000016	1.7617705197722828
20.200000000000017	1.754415446967921
20.300000000000015	1.7484621618032998
20.400000000000016	1.744994262854033
20.500000000000018	1.7446941854532956
20.600000000000016	1.747739427930317
20.700000000000017	1.7537789686957987
20.80000000000002	1.761992897957164
20.900000000000016	1.7712251973114996
21.000000000000018	1.780168200336026
21.100000000000016	1.7875693325524322
21.200000000000017	1.792427476167694
21.30000000000002	1.7941482054028977
21.400000000000016	1.7926338510367927
21.500000000000018	1.7882947846512305
21.600000000000016	1.781980795958622
21.700000000000017	1.7748439942753835
21.80000000000002	1.7681553258141518
21.900000000000016	1.763103903889924
22.000000000000018	1.7606108126666
22.10000000000002	1.7611865173398573
22.200000000000017	1.7648539315321665
22.30000000000002	1.7711487044361705
22.40000000000002	1.7791960696777633
22.500000000000018	1.7878515774370816
22.60000000000002	1.7958830968420831
22.700000000000017	1.8021651705197106
22.80000000000002	1.8058550890633245
22.90000000000002	1.8065231633915708
23.000000000000018	1.8042170816402197
23.10000000000002	1.799450747652924
23.200000000000017	1.7931199358606882
23.30000000000002	1.7863585766721057
23.40000000000002	1.7803587081611028
23.500000000000018	1.7761826627870243
23.60000000000002	1.7745970611612827
23.70000000000002	1.7759545351911648
23.80000000000002	1.7801414085912293
23.90000000000002	1.7865990626543078
24.00000000000002	1.7944150795611753
24.10000000000002	1.8024693204935758
24.20000000000002	1.809611573838821
24.30000000000002	1.8148426206196886
24.40000000000002	1.8174702345668055
24.50000000000002	1.817215782013658
24.60000000000002	1.8142550276826652
24.70000000000002	1.8091872113010492
24.80000000000002	1.8029377754584777
24.90000000000002	1.796610513298487
25.00000000000002	1.7913127401623743
25.10000000000002	1.7879811634884044
25.20000000000002	1.787235817601447
25.300000000000022	1.7892848240952592
25.40000000000002	1.7938945885672954
25.50000000000002	1.8004296561795277
25.600000000000023	1.8079554699759435
25.70000000000002	1.8153874363036828
25.800000000000022	1.8216625392016645
25.90000000000002	1.8259063670190376
26.00000000000002	1.827569324367494
26.100000000000023	1.826510828058109
26.20000000000002	1.8230186087125289
26.300000000000022	1.817760529579265
26.40000000000002	1.8116769601418437
26.50000000000002	1.805831032128062
26.600000000000023	1.801240608623503
26.70000000000002	1.798718510067547
26.800000000000022	1.7987460632482204
26.900000000000023	1.8013996315566205
27.00000000000002	1.8063413231240144
27.100000000000023	1.8128749084800018
27.200000000000024	1.8200577201276233
27.300000000000022	1.826850566104783
27.400000000000023	1.8322818319304883
27.50000000000002	1.835599871977522
27.600000000000023	1.83638980320847
27.700000000000024	1.8346365682405699
27.800000000000022	1.8307247018379584
27.900000000000023	1.8253752500619396
28.00000000000002	1.8195301706366285
28.100000000000023	1.8142027344378908
28.200000000000024	1.8103176745888898
28.300000000000022	1.8085662889101
28.400000000000023	1.8092991882341845
28.500000000000025	1.812473317928151
28.600000000000023	1.8176612390960518
28.700000000000024	1.8241208142689362
28.800000000000026	1.830913954861919
28.900000000000023	1.8370554437112157
29.000000000000025	1.841668235797688
29.100000000000023	1.8441207695970592
29.200000000000024	1.844124803825101
29.300000000000026	1.8417786366700502
29.400000000000023	1.8375492487518388
29.500000000000025	1.8321965569938086
29.600000000000023	1.8266520516462235
29.700000000000024	1.8218711877604976
29.800000000000026	1.8186829114023961
29.900000000000023	1.817660008361071
30.000000000000025	1.8190305433461775
30.100000000000026	1.8226440711598255
30.200000000000024	1.8279976030944793
30.300000000000026	1.8343168825017095
30.400000000000027	1.840679850366957
30.500000000000025	1.8461626242077647
30.600000000000026	1.849984890244701
30.700000000000024	1.851631839190016
30.800000000000026	1.8509336021118517
30.900000000000027	1.848089941522276
31.000000000000025	1.8436366372125674
31.100000000000026	1.8383591994226398
31.200000000000024	1.8331677948196548
31.300000000000026	1.8289532909923836
31.400000000000027	1.8264471789646333
31.500000000000025	1.8261073902544929
31.600000000000026	1.8280478230894115
31.700000000000028	1.8320224125534539
31.800000000000026	1.8374659356573495
31.900000000000027	1.843584803804529
32.00000000000003	1.8494832695550283
32.10000000000002	1.8543049865018226
32.20000000000003	1.8573675603421114
32.300000000000026	1.8582689595403348
32.40000000000003	1.85694920168662
32.50000000000003	1.853697862528113
32.60000000000002	1.8491065323213087
32.70000000000003	1.8439740111059344
32.800000000000026	1.8391794268304502
32.90000000000003	1.8355434222230156
33.00000000000003	1.8336993209298673
33.10000000000002	1.8339944909958927
33.20000000000003	1.8364372597550784
33.300000000000026	1.8406974814596149
33.40000000000003	1.846160371756254
33.50000000000003	1.8520248434795124
33.60000000000003	1.8574306239118057
33.70000000000003	1.8615939909325556
33.800000000000026	1.8639307195474835
33.90000000000003	1.8641469597068465
34.00000000000003	1.8622839176615342
34.10000000000003	1.858709559457525
34.20000000000003	1.854058928783749
34.300000000000026	1.8491327492227423
34.40000000000003	1.844770493636574
34.50000000000003	1.8417180346529014
34.60000000000003	1.8405107352892078
34.70000000000003	1.8413902974764484
34.800000000000026	1.844268276010271
34.90000000000003	1.8487417528255932
35.00000000000003	1.8541584284639245
35.10000000000003	1.8597206248201774
35.20000000000003	1.8646116247099682
35.30000000000003	1.868124345487547
35.40000000000003	1.869772081473212
35.50000000000003	1.869363978039339
35.60000000000003	1.8670335414250228
35.70000000000003	1.8632159408527065
35.80000000000003	1.858577941142332
35.90000000000003	1.853911739734053
36.00000000000003	1.850009605045148
36.10000000000003	1.847539147863759
36.20000000000003	1.8469388560022337
36.30000000000003	1.8483502324923342
36.400000000000034	1.851597032754114
36.50000000000003	1.8562146292798607
36.60000000000003	1.8615246268109353
36.70000000000003	1.8667427531340441
36.80000000000003	1.8711028734461546
36.900000000000034	1.8739775248167734
37.00000000000003	1.8749760136852314
37.10000000000003	1.8740047462618394
37.20000000000003	1.8712804833849668
37.30000000000003	1.8672946681112288
37.400000000000034	1.8627346853242654
37.50000000000003	1.8583746630424514
37.60000000000003	1.854953157206114
37.70000000000003	1.85305704073008
37.80000000000003	1.8530298456356775
37.900000000000034	1.8549188678866637
38.00000000000003	1.8584691722562574
38.10000000000003	1.8631652116059265
38.20000000000003	1.8683132758462202
38.30000000000003	1.873151591313135
38.400000000000034	1.876970602466703
38.500000000000036	1.8792244495517503
38.60000000000003	1.8796161337139436
38.70000000000003	1.8781430879335197
38.80000000000003	1.8750961694287522
38.900000000000034	1.871012455683047
39.000000000000036	1.8665894972697865
39.10000000000003	1.86257471210172
39.20000000000003	1.8596474541075227
39.30000000000003	1.8583123592484636
39.400000000000034	1.8588207080179324
39.500000000000036	1.861132053415166
39.60000000000004	1.8649219661071188
39.70000000000003	1.8696344601452182
39.80000000000003	1.8745706347191182
39.900000000000034	1.878999405127708
40.000000000000036	1.882272784407486
40.10000000000004	1.8839275424495925
40.20000000000003	1.883757298909699
40.30000000000003	1.8818438354622091
40.400000000000034	1.8785428858488145
40.500000000000036	1.8744268516195197
40.60000000000004	1.8701936623103135
40.70000000000003	1.8665562870281296
40.80000000000003	1.8641303842986086
40.900000000000034	1.8633377900332748
41.000000000000036	1.8643409687259163
41.10000000000004	1.8670186085891762
41.20000000000003	1.8709860165291161
41.30000000000003	1.8756568980763402
41.400000000000034	1.8803366063503004
41.500000000000036	1.8843320337829932
41.60000000000004	1.887060766582623
41.70000000000004	1.8881423162273647
41.80000000000003	1.8874571416934087
41.900000000000034	1.885164312001401
42.000000000000036	1.881675212368989
42.10000000000004	1.8775876305812615
42.20000000000004	1.8735907797951277
42.30000000000003	1.8703563437712802
42.400000000000034	1.8684327647548742
42.500000000000036	1.8681594074689325
42.60000000000004	1.8696140293500083
42.70000000000004	1.8726016831583392
42.80000000000004	1.876686617820663
42.900000000000034	1.8812619652888258
43.000000000000036	1.8856460735394491
43.10000000000004	1.8891901982489574
43.20000000000004	1.8913805434750803
43.30000000000004	1.8919186054899875
43.400000000000034	1.8907672603170376
43.500000000000036	1.8881554846135242
43.60000000000004	1.8845411447932796
43.70000000000004	1.8805378953148284
43.80000000000004	1.8768178533807485
43.900000000000034	1.8740054821447802
44.000000000000036	1.8725794330350465
44.10000000000004	1.8727977728092853
44.20000000000004	1.874658272388757
44.30000000000004	1.8778998629852393
44.400000000000034	1.8820448556513119
44.500000000000036	1.886475102182787
44.60000000000004	1.8905299586037339
44.70000000000004	1.8936105298707058
44.80000000000004	1.8952737504753425
44.90000000000004	1.89530152546967
45.000000000000036	1.8937341462385724
45.10000000000004	1.8908628670728531
45.20000000000004	1.8871829820383546
45.30000000000004	1.8833149572327774
45.40000000000004	1.87990617341236
45.500000000000036	1.8775288358015627
45.60000000000004	1.8765901472066482
45.70000000000004	1.8772688425874857
45.80000000000004	1.8794879731235048
45.90000000000004	1.8829280776899484
46.00000000000004	1.8870785014453926
46.10000000000004	1.8913186219979436
46.20000000000004	1.8950160666358478
46.30000000000004	1.897626380561679
46.40000000000004	1.8987784407762367
46.50000000000004	1.8983322192518906
46.60000000000004	1.8963999086186993
46.70000000000004	1.8933272307632847
46.80000000000004	1.8896380332538762
46.90000000000004	1.885951048638942
47.00000000000004	1.8828820407105906
47.10000000000004	1.8809468105205442
47.20000000000004	1.8804803375413908
47.30000000000004	1.881584728759604
47.40000000000004	1.884114060190746
47.50000000000004	1.8876983519035113
47.60000000000004	1.891802744474364
47.70000000000004	1.8958124154744451
47.80000000000004	1.89912975745689
47.90000000000004	1.9012684607051304
48.00000000000004	1.9019296921075435
48.100000000000044	1.9010484400517007
48.20000000000004	1.8988028416284044
48.30000000000004	1.895585167772259
48.40000000000004	1.8919391869806967
48.50000000000004	1.8884739060678917
48.600000000000044	1.885767368701243
48.70000000000004	1.8842757054428316
48.80000000000004	1.8842617427934634
48.90000000000004	1.885754342210778
49.00000000000004	1.8885447560052746
49.100000000000044	1.8922204314769349
49.200000000000045	1.8962307937295053
49.30000000000004	1.8999745209605516
49.40000000000004	1.9028944804865289
49.50000000000004	1.9045653399010378
49.600000000000044	1.9047600789498946
49.700000000000045	1.903485004119252
49.80000000000004	1.9009778694626756
49.90000000000004	1.8976695398063228
50.00000000000004	1.8941153742435157
50.100000000000044	1.890907254642087
50.200000000000045	1.8885801917664735
50.30000000000004	1.8875282433123872
50.40000000000004	1.8879429556925507
50.50000000000004	1.8897839433685253
50.600000000000044	1.8927861204796759
50.700000000000045	1.8965023083434724
50.80000000000004	1.9003743739576902
50.90000000000004	1.9038215852870701
51.00000000000004	1.9063321988257635
51.100000000000044	1.9075438376534772
51.200000000000045	1.9073000377653746
51.30000000000005	1.9056741417747782
51.40000000000004	1.9029568959981542
51.50000000000004	1.8996098388151148
51.600000000000044	1.8961919500363476
51.700000000000045	1.8932712162669743
51.80000000000005	1.8913351009872794
51.90000000000004	1.8907140294247842
52.00000000000004	1.8915298962385987
52.100000000000044	1.893677617853051
52.200000000000045	1.8968425158108557
52.30000000000005	1.9005506621064787
52.40000000000005	1.9042441345888035
52.50000000000004	1.9073692349907194
52.600000000000044	1.9094637230018128
52.700000000000045	1.910229325147661
52.80000000000005	1.9095781467744772
52.90000000000005	1.9076457680648573
53.00000000000004	1.9047690800981252
53.100000000000044	1.9014324794261612
53.200000000000045	1.898191012090994
53.30000000000005	1.8955826591788787
53.40000000000005	1.8940436234248776
53.50000000000004	1.8938399542400735
53.600000000000044	1.8950262268770721
53.700000000000045	1.8974376907689878
53.80000000000005	1.9007170058926335
53.90000000000005	1.9043712322557684
54.00000000000004	1.907849986092891
54.100000000000044	1.9106323732104922
54.200000000000045	1.9123089704753191
54.30000000000005	1.91264595482728
54.40000000000005	1.911621337307736
54.50000000000005	1.9094276900137777
54.600000000000044	1.9064410530917923
54.700000000000045	1.9031610389192608
54.80000000000005	1.900131671602981
54.90000000000005	1.897855502343329
55.00000000000005	1.8967145572902246
55.100000000000044	1.8969105510339226
55.200000000000045	1.8984337202434118
55.30000000000005	1.9010650900018975
55.40000000000005	1.9044117007668442
55.50000000000005	1.9079691318053735
55.60000000000005	1.9112013751786348
55.700000000000045	1.913625414397513
55.80000000000005	1.9148871637468752
55.90000000000005	1.9148168311382152
56.00000000000005	1.913455050352923
56.10000000000005	1.911045764009182
56.200000000000045	1.907997091539752
56.30000000000005	1.9048164571246349
56.40000000000005	1.9020302873622443
56.50000000000005	1.9001009851278838
56.60000000000005	1.8993542724511743
56.700000000000045	1.8999283172364736
56.80000000000005	1.901752587598237
56.90000000000005	1.9045596664398456
57.00000000000005	1.9079280541621768
57.10000000000005	1.91134911081373
57.200000000000045	1.914307507898688
57.30000000000005	1.9163624665826693
57.40000000000005	1.9172169774320131
57.50000000000005	1.9167641332609975
57.60000000000005	1.9151033493126197
57.70000000000005	1.9125240142211155
57.80000000000005	1.909459255762552
57.90000000000005	1.9064172060423858
58.00000000000005	1.9039006722387701
58.10000000000005	1.902327910298802
58.20000000000005	1.9019669834938808
58.30000000000005	1.902894006020879
58.40000000000005	1.9049817741198964
58.50000000000005	1.907920477190773
58.60000000000005	1.9112671203885516
58.70000000000005	1.914515776492286
58.800000000000054	1.9171775279587442
58.90000000000005	1.9188574691314946
59.00000000000005	1.9193166427925743
59.10000000000005	1.9185091987014657
59.20000000000005	1.9165889979724129
59.300000000000054	1.9138847209012109
59.40000000000005	1.9108475025525329
59.50000000000005	1.9079794369579073
59.60000000000005	1.905754279021115
59.70000000000005	1.904542866539189
59.800000000000054	1.9045550008225771
59.90000000000005	1.9058068930948395
60.00000000000005	1.9081192257261674
60.10000000000005	1.9111460364624815
60.20000000000005	1.9144297755093427
60.300000000000054	1.917473775284523
60.40000000000005	1.9198206561887232
60.50000000000005	1.921124292533236
60.60000000000005	1.9212040167668287
60.70000000000005	1.9200725750948267
60.800000000000054	1.917933511105332
60.900000000000055	1.9151484857944032
61.00000000000005	1.9121797788649573
61.10000000000005	1.909517111228211
61.20000000000005	1.9076003710640694
61.300000000000054	1.9067504352301894
61.400000000000055	1.9071189639289476
61.50000000000005	1.908665022403549
61.60000000000005	1.9111621309515694
61.70000000000005	1.9142345377058665
61.800000000000054	1.9174169066975875
61.900000000000055	1.9202279412976928
62.00000000000006	1.9222462961185236
62.10000000000005	1.9231768057116625
62.20000000000005	1.922896621420382
62.300000000000054	1.9214740463917026
62.400000000000055	1.9191571838926418
62.50000000000006	1.9163342806101598
62.60000000000005	1.9134721019865142
62.70000000000005	1.9110421196352476
62.800000000000054	1.9094461819727755
62.900000000000055	1.9089533850832896
63.00000000000006	1.9096580599004078
63.10000000000005	1.9114654334866874
63.20000000000005	1.9141071405292631
63.300000000000054	1.9171840498139745
63.400000000000055	1.9202295729166903
63.50000000000006	1.922783414715382
63.60000000000005	1.9244641098277415
63.70000000000005	1.9250289155283824
63.800000000000054	1.924411658863445
63.900000000000055	1.9227326386540222
64.00000000000006	1.9202791053434576
64.10000000000005	1.9174594834635912
64.20000000000005	1.9147386306295078
64.30000000000005	1.9125643941689416
64.40000000000006	1.911297067562406
64.50000000000006	1.911152857292212
64.60000000000005	1.9121702294003569
64.70000000000005	1.914204372482799
64.80000000000005	1.916950566656343
64.90000000000006	1.9199926895602448
65.00000000000006	1.922869139492251
65.10000000000005	1.9251457332514283
65.20000000000006	1.9264840676493693
65.30000000000005	1.9266945825152837
65.40000000000006	1.9257660059869526
65.50000000000006	1.9238666099331314
65.60000000000005	1.9213171600855348
65.70000000000006	1.9185399073497706
65.80000000000005	1.9159917305407936
65.90000000000006	1.914092015259193
66.00000000000006	1.9131566525316481
66.10000000000005	1.9133485431362303
66.20000000000006	1.9146523616940385
66.30000000000005	1.9168774881946924
66.40000000000006	1.9196885634128649
66.50000000000006	1.922658772004178
66.60000000000005	1.9253373887152456
66.70000000000006	1.9273208992803892
66.80000000000005	1.9283164748569646
66.90000000000006	1.9281878163761788
67.00000000000006	1.9269761928150169
67.10000000000005	1.9248934280870509
67.20000000000006	1.9222880222322432
67.30000000000005	1.9195898240130294
67.40000000000006	1.9172420375028962
67.50000000000006	1.915631316781041
67.60000000000005	1.9150269736349552
67.70000000000006	1.9155388553748887
67.80000000000005	1.9171004797744065
67.90000000000006	1.919480014183869
68.00000000000006	1.922317289423746
68.10000000000007	1.9251809402577589
68.20000000000006	1.9276366083040497
68.30000000000005	1.9293154249629239
68.40000000000006	1.929971978119373
68.50000000000006	1.92952265440475
68.60000000000007	1.9280583678202812
68.70000000000006	1.9258297398844664
68.80000000000005	1.9232071444725487
68.90000000000006	1.920621985984071
69.00000000000006	1.9184985200087086
69.10000000000007	1.917186990579683
69.20000000000006	1.9169086206029262
69.30000000000005	1.917721094298184
69.40000000000006	1.9195099162354585
69.50000000000006	1.9220069375234627
69.60000000000007	1.9248330535721643
69.70000000000006	1.9275582757650533
69.80000000000005	1.9297696593278486
69.90000000000006	1.9311363574502671
70.00000000000006	1.931461554240801
70.10000000000007	1.9307131256506658
70.20000000000006	1.9290282531760516
70.30000000000005	1.9266913343142271
70.40000000000006	1.9240887450566915
70.50000000000006	1.9216476490567962
70.60000000000007	1.919768543386761
70.70000000000006	1.918762191778611
70.80000000000007	1.9188008756196686
70.90000000000006	1.9198916089144067
71.00000000000006	1.9218754802245506
71.10000000000007	1.9244531545867987
71.20000000000006	1.9272324443727669
71.30000000000007	1.9297903900802225
71.40000000000006	1.9317400250366183
71.50000000000006	1.9327912860802954
71.60000000000007	1.932796483496985
71.70000000000006	1.9317732034083657
71.80000000000007	1.929901092605079
71.90000000000006	1.927493102651589
72.00000000000006	1.9249457949412223
72.10000000000007	1.9226765970452409
72.20000000000006	1.9210579367231866
72.30000000000007	1.920358645727343
72.40000000000006	1.9207018518033636
72.50000000000006	1.9220459534531797
72.60000000000007	1.9241916155636896
72.70000000000006	1.9268136140661867
72.80000000000007	1.9295124434767725
72.90000000000006	1.9318774990197864
73.00000000000006	1.9335518419372695
73.10000000000007	1.9342883333529857
73.20000000000006	1.9339883097149286
73.30000000000007	1.9327167483884051
73.40000000000006	1.9306915942146883
73.50000000000006	1.928248997511624
73.60000000000007	1.925790006998884
73.70000000000006	1.923717170285135
73.80000000000007	1.9223710635555429
73.90000000000006	1.921976757101566
74.00000000000006	1.9226086308383947
74.10000000000007	1.9241790391207212
74.20000000000006	1.9264525499497835
74.30000000000007	1.9290834472910905
74.40000000000006	1.9316705236960545
74.50000000000007	1.9338204800006573
74.60000000000007	1.935209914389262
74.70000000000006	1.9356361313829522
74.80000000000007	1.9350487891121813
74.90000000000006	1.933557444747692
75.00000000000007	1.931413870470191
75.10000000000007	1.9289719928350688
75.20000000000006	1.9266318288808948
75.30000000000007	1.924776299013791
75.40000000000006	1.9237108969924288
75.50000000000007	1.92361572137791
75.60000000000007	1.9245173996639948
75.70000000000006	1.926285280857794
75.80000000000007	1.9286524350150067
75.90000000000006	1.931258085836003
76.00000000000007	1.9337047318893408
76.10000000000007	1.9356209133459898
76.20000000000006	1.9367197139559487
76.30000000000007	1.9368437854615865
76.40000000000006	1.93598982980256
76.50000000000007	1.9343087309934368
76.60000000000007	1.9320813772446939
76.70000000000006	1.9296740464942668
76.80000000000007	1.9274804408334287
76.90000000000006	1.925859542468596
77.00000000000007	1.9250790996334186
77.10000000000007	1.925273638660092
77.20000000000007	1.9264235859276155
77.30000000000007	1.9283587387100567
77.40000000000006	1.930785476942563
77.50000000000007	1.9333333663678742
77.60000000000007	1.9356137570422398
77.70000000000007	1.9372811083381112
77.80000000000007	1.9380873647321066
77.90000000000006	1.9379208263133112
78.00000000000007	1.936823423781213
78.10000000000007	1.934983727629363
78.20000000000007	1.93270685368695
78.30000000000007	1.93036606697052
78.40000000000006	1.9283437595106743
78.50000000000007	1.926971134282388
78.60000000000007	1.9264761084205133
78.70000000000007	1.9269476296268713
78.80000000000007	1.928321991754729
78.90000000000006	1.9303932533190407
79.00000000000007	1.932846057283413
79.10000000000007	1.9353056226738472
79.20000000000007	1.9373969838871177
79.30000000000007	1.938804114814749
79.40000000000006	1.9393196158669836
79.50000000000007	1.938877152593547
79.60000000000007	1.9375615731173614
79.70000000000007	1.9355951632763722
79.80000000000007	1.9333022644650677
79.90000000000006	1.9310578853347027
80.00000000000007	1.929228448589376
80.10000000000007	1.928114034519196
80.20000000000007	1.9279012243404896
80.30000000000007	1.9286339532003605
80.40000000000006	1.9302069252655616
80.50000000000007	1.9323825749744497
80.60000000000007	1.9348288436003638
80.70000000000007	1.9371717648266125
80.80000000000007	1.9390545324430057
80.90000000000008	1.9401937211359817
81.00000000000007	1.9404238025104474
81.10000000000007	1.9397229651452017
81.20000000000007	1.9382162120034434
81.30000000000007	1.9361553008695576
81.40000000000008	1.9338787457690607
81.50000000000007	1.931758233557051
81.60000000000007	1.930139936771135
81.70000000000007	1.9292899884829728
81.80000000000007	1.9293527067139051
81.90000000000008	1.9303281253920541
82.00000000000007	1.9320723291792237
82.10000000000007	1.9343204856303629
82.20000000000007	1.936728889572563
82.30000000000007	1.9389293454819414
82.40000000000008	1.9405872839049043
82.50000000000007	1.9414544393899946
82.60000000000007	1.9414077964231158
82.70000000000007	1.9404686945019582
82.80000000000007	1.938799126231428
82.90000000000008	1.9366758654062752
83.00000000000007	1.9344465562870201
83.10000000000007	1.9324747299774598
83.20000000000007	1.9310824435567449
83.30000000000007	1.9304995922427959
83.40000000000008	1.9308278716484533
83.50000000000007	1.9320250386704796
83.60000000000008	1.9339119057834422
83.70000000000007	1.9362009132755067
83.80000000000007	1.9385417242217438
83.90000000000008	1.9405766133567364
84.00000000000007	1.9419968933718486
84.10000000000008	1.9425914787519631
84.20000000000007	1.9422799475060795
84.30000000000007	1.9411249230973546
84.40000000000008	1.9393218715881289
84.50000000000007	1.9371679745938721
84.60000000000008	1.9350150342062475
84.70000000000007	1.9332138725828234
84.80000000000007	1.932059012989986
84.90000000000008	1.9317423646487952
85.00000000000007	1.932323194099856
85.10000000000008	1.9337190811062102
85.20000000000007	1.935719237510685
85.30000000000007	1.938018038057655
85.40000000000008	1.9402634299680421
85.50000000000007	1.9421125540024697
85.60000000000008	1.943285789970315
85.70000000000007	1.9436107079588167
85.80000000000007	1.9430490175191815
85.90000000000008	1.9417023036061205
86.00000000000007	1.9397956925796738
86.10000000000008	1.937642073619208
86.20000000000007	1.9355925611311309
86.30000000000007	1.933981040562062
86.40000000000008	1.9330715553956288
86.50000000000007	1.933016825462686
86.60000000000008	1.9338344128709601
86.70000000000007	1.9354042544850254
86.80000000000007	1.9374879023464227
86.90000000000008	1.9397663895915918
87.00000000000007	1.9418907092845648
87.10000000000008	1.943536918065023
87.20000000000007	1.9444571650008566
87.30000000000008	1.9445186079105061
87.40000000000008	1.9437241072663292
87.50000000000007	1.942211474806761
87.60000000000008	1.9402314428094802
87.70000000000007	1.9381078751345246
87.80000000000008	1.9361865336531414
87.90000000000008	1.9347805044420503
88.00000000000007	1.9341208969773511
88.10000000000008	1.9343205790942986
88.20000000000007	1.9353566377878597
88.30000000000008	1.9370742905365301
88.40000000000008	1.9392115833002679
88.50000000000007	1.9414409349261574
88.60000000000008	1.9434209397933422
88.70000000000007	1.9448502373046423
88.80000000000008	1.9455149488085337
88.90000000000008	1.945322215453285
89.00000000000007	1.9443145785302414
89.10000000000008	1.9426629763105345
89.20000000000007	1.940639508243462
89.30000000000008	1.9385743054250035
89.40000000000008	1.9368033431551002
89.50000000000007	1.9356154449485619
89.60000000000008	1.9352068369955715
89.70000000000007	1.9356504033203585
89.80000000000008	1.936884458219652
89.90000000000008	1.938722764401894
90.00000000000009	1.9408841711937879
90.10000000000008	1.9430371567064089
90.20000000000007	1.9448522177281595
90.30000000000008	1.946053828736552
90.40000000000008	1.9464637771493676
90.50000000000009	1.9460290594405034
90.60000000000008	1.9448299720357658
90.70000000000007	1.9430671634509218
90.80000000000008	1.9410297345001921
90.90000000000008	1.9390494575925934
91.00000000000009	1.9374483642818068
91.10000000000008	1.9364879805857538
91.20000000000007	1.9363282121128012
91.30000000000008	1.937002342263487
91.40000000000008	1.9384120520548687
91.50000000000009	1.9403432044591509
91.60000000000008	1.94249986005787
91.70000000000007	1.9445511211394477
91.80000000000008	1.9461833897796659
91.90000000000008	1.9471497873412023
92.00000000000009	1.9473089478936096
92.10000000000008	1.9466470901997834
92.20000000000007	1.9452799227094615
92.30000000000008	1.9434341235687678
92.40000000000008	1.9414113592024373
92.50000000000009	1.9395405524585398
92.60000000000008	1.938125952362796
92.70000000000007	1.9373992037859313
92.80000000000008	1.937482967375054
92.90000000000008	1.938371802827604
93.00000000000009	1.9399332942118535
93.10000000000008	1.941929197636216
93.20000000000007	1.9440532344858599
93.30000000000008	1.945979535454981
93.40000000000008	1.9474140734328411
93.50000000000009	1.9481409678811974
93.60000000000008	1.948056368970301
93.70000000000009	1.947184603560932
93.80000000000008	1.945674073482628
93.90000000000008	1.9437735948613684
94.00000000000009	1.941792950319921
94.10000000000008	1.9400539077540806
94.20000000000009	1.938839449930843
94.30000000000008	1.9383492253488683
94.40000000000008	1.9386682331922847
94.50000000000009	1.9397536537203355
94.60000000000008	1.941441863741518
94.70000000000009	1.9434744893691756
94.80000000000008	1.9455393483544727
94.90000000000008	1.9473197946420697
95.00000000000009	1.948544666004299
95.10000000000008	1.949030956447648
95.20000000000009	1.9487124985148327
95.30000000000008	1.9476501606154548
95.40000000000008	1.9460219888549706
95.50000000000009	1.9440948888887624
95.60000000000008	1.9421823513219156
95.70000000000009	1.9405949160356029
95.80000000000008	1.9395912023426878
95.90000000000008	1.9393372267672937
96.00000000000009	1.939880407588934
96.10000000000008	1.9411423261432876
96.20000000000009	1.9429313485781448
96.30000000000008	1.944973077404998
96.40000000000009	1.946953794400971
96.50000000000009	1.948570017339893
96.60000000000008	1.9495763426850585
96.70000000000009	1.9498240324403453
96.80000000000008	1.9492842782306898
96.90000000000009	1.9480525043852663
97.00000000000009	1.9463330693962488
97.10000000000008	1.9444068177477387
97.20000000000009	1.94258663384287
97.30000000000008	1.9411680316280644
97.40000000000009	1.9403825823770438
97.50000000000009	1.9403615199228985
97.60000000000008	1.9411152429175809
97.70000000000009	1.9425319151968443
97.80000000000008	1.9443953470063358
97.90000000000009	1.9464192987023934
98.00000000000009	1.9482927642305963
98.10000000000008	1.9497290708608184
98.20000000000009	1.9505110439915776
98.30000000000008	1.9505251217622368
98.40000000000009	1.9497790610171843
98.50000000000009	1.9484004745745924
98.60000000000008	1.9466164683137148
98.70000000000009	1.9447176268339526
98.80000000000008	1.9430120584455557
98.90000000000009	1.9417767667695416
99.00000000000009	1.9412140235601374
99.10000000000008	1.9414196135359147
99.20000000000009	1.9423679361645911
99.30000000000008	1.943916281027049
99.40000000000009	1.9458275649389105
99.50000000000009	1.947807908750558
99.60000000000008	1.9495530984210596
99.70000000000009	1.9507965854268825
99.80000000000008	1.9513514531222895
99.90000000000009	1.9511397420778294
100.00000000000009	1.95020453394588
100.1000000000001	1.9487029215647937
100.20000000000009	1.946881011153902
100.30000000000008	1.9450349340157753
100.40000000000009	1.943464043945111
100.50000000000009	1.9424236970014366
100.6000000000001	1.9420850618517138
100.70000000000009	1.9425082856615123
100.80000000000008	1.943633221926548
100.90000000000009	1.9452891487376907
101.00000000000009	1.947221908140507
